701585
701588
701589
701590
701591
701592
701593
701594
701595
702112
702114
702115
779382
779385
779386
779387
779388
779389
779390
779391
779392
779393
779395
779396
783197
783198
783199
783200
783201
994875
1235592
1235593
1235594
1235595
1235596
1235597
1235598
1355740
1355750
1355751
1355752
1355755
1355756
1355757
1355758
1355759
1355760
1355761
1355762
1355763
1355764
1355765
1355766
1355767
1355768
1355769
1356278
1356279
1356282
1356283
1356284
1356285
1356286
1356287
1356288
1713671
1713693
1713694
1713697
1713698
1713699
1713700
1759848
1759851
1759877
1759879
1760054
1760056
1831258
1971607
1971608
1971609
1971610
1971611
1971612
1971613
1971614
1971616
1971617
1971618
1971619
1971620
1971621
1971622
1971623
1971624
1971625
1971626
2011778
2011779
2011780
2011781
2011782
2011783
2011784
2011785
2011786
2011787
2011788
2011789
2011790
2011791
2011792
2011793
2011794
2011795
2011797
2011798
2011799
2011800
2011802
2011803
2011804
2011805
2011807
2011808
2011809
2011810
2011811
2011812
2011813
2011814
2011815
2011816
2011817
2011818
2011819
2011820
2011821
2011822
2011823
2011824
2011825
2011826
2011827
2011828
2011829
2051671
2051672
2051673
2051674
2051675
2051676
2051677
2051678
2051679
2051680
2051682
2051683
2051684
2051685
2051686
2051687
2051688
2051689
2051690
2051691
2051692
2051693
2051694
2051695
2051696
2051697
2051698
2051699
2051700
2051701
2051702
2051703
2051704
2051705
2051706
2051707
2051708
2051709
2051710
2051711
2051712
2051713
2051715
2051716
2051718
2051719
2051720
2051721
2051722
2051723
2051724
2051725
2051726
2051727
2051728
2051729
2051730
2051731
2051732
2051733
2051734
2051735
2051736
2051737
2051738
2051739
2051740
2051741
2051742
2051743
2051744
2051745
2051746
2051747
2051748
2051749
2051750
2051751
2051752
2051753
2051754
2051755
2051756
2051757
2051758
2051759
2051761
2051762
2051764
2051765
2051766
2051767
2051768
2051769
2051770
2051771
2051772
2051773
2051774
2051775
2051776
2051777
2051778
2051779
2051780
2051781
2051782
2051783
2051784
2051785
2051786
2051787
2051788
2051789
2051790
2051791
2051792
2051793
2051794
2051795
2051796
2051797
2051798
2051799
2051800
2051801
2051802
2051803
2051804
2051805
2051806
2051808
2051809
2051810
2051811
2051812
2051813
2051814
2051815
2051816
2051817
2051818
2051819
2051820
2051821
2051822
2051823
2051824
2051825
2051826
2051827
2051828
2051829
2051830
2051831
2051832
2051833
2051834
2051835
2051836
2051837
2051838
2051839
2051840
2051841
2051842
2051843
2051844
2051845
2051846
2051847
2051848
2051849
2051850
2051852
2051853
2051854
2051855
2051856
2051857
2051858
2051859
2051860
2051861
2051862
2051863
2051864
2051865
2051866
2051867
2051868
2051869
2051870
2051871
2051872
2051873
2051874
2051875
2051876
2051877
2051878
2051879
2051880
2051881
2051882
2051883
2051884
2051885
2051886
2051887
2051888
2051889
2051890
2051891
2051892
2051893
2051894
2051895
2051896
2051897
2051898
2051899
2051901
2051902
2051903
2051904
2051905
2051906
2051907
2051908
2051909
2051910
2051911
2051912
2051913
2051915
2051916
2051917
2051918
2051919
2051920
2051921
2051922
2051923
2051924
2051925
2051926
2051927
2051928
2051929
2051930
2051931
2051932
2051933
2051934
2051935
2051936
2051937
2051938
2051939
2051940
2051942
2051943
2051944
2051945
2051946
2051947
2051948
2051949
2051951
2051952
2051953
2051954
2051955
2051956
2051957
2051958
2051959
2051960
2051961
2051962
2051963
2051964
2051965
2051966
2051967
2051968
2051969
2051970
2051971
2051972
2051973
2051974
2051975
2051976
2051977
2051978
2051979
2051980
2051981
2051982
2051983
2051984
2051985
2051986
2051987
2051988
2051989
2051990
2051991
2051992
2051993
2051994
2051995
2051996
2051997
2051998
2051999
2052000
2052001
2052002
2052003
2052004
2052005
2052006
2052007
2052008
2052010
2052011
2052012
2052013
2052014
2052015
2052016
2052017
2052018
2052019
2052020
2052021
2052022
2052023
2052024
2052025
2052026
2052027
2052028
2052029
2052030
2052031
2052032
2052033
2052034
2052035
2052036
2052037
2052038
2052039
2052040
2052041
2052042
2052043
2052044
2052045
2052046
2052047
2052048
2052049
2052051
2052052
2052053
2052054
2052055
2052056
2052057
2052058
2052059
2052060
2052061
2052062
2052063
2052064
2052065
2052066
2052067
2052068
2052069
2052070
2052071
2052072
2052073
2052074
2052075
2052076
2052077
2052078
2052079
2052080
2052081
2052082
2052083
2052084
2052085
2052086
2052087
2052088
2052089
2052090
2052091
2052092
2052093
2052094
2052095
2052096
2052097
2052098
2052099
2052100
2052101
2052102
2052103
2052104
2052105
2052106
2052108
2052109
2052110
2052111
2052112
2052113
2052114
2052115
2052116
2052117
2052118
2052119
2052120
2052121
2052122
2052123
2052124
2052125
2052126
2052127
2052128
2052129
2052130
2052131
2052132
2052133
2052134
2052135
2052136
2052137
2052138
2052139
2052140
2052141
2052142
2052143
2052144
2052145
2052146
2052147
2052148
2052150
2052151
2052153
2052154
2052155
2052157
2052158
2052159
2052160
2052161
2052162
2052163
2052164
2052165
2052166
2052167
2052168
2052169
2052170
2052171
2052172
2052173
2052174
2052176
2052177
2052178
2052179
2052180
2052181
2052182
2052183
2052184
2052185
2052186
2052187
2052188
2052189
2052190
2052191
2052192
2052193
2052194
2052195
2052196
2052197
2052199
2052200
2052201
2052202
2052203
2052204
2052205
2052206
2052207
2052208
2052209
2052210
2052211
2052212
2052213
2052214
2052215
2052216
2052217
2052218
2052219
2052220
2052221
2052222
2052223
2052224
2052225
2052226
2052227
2052228
2052229
2052230
2052231
2052232
2052233
2052234
2052235
2052236
2052237
2052238
2052239
2052240
2052241
2052242
2052243
2052244
2052245
2052246
2052247
2052248
2052249
2052250
2052251
2052253
2052254
2052255
2052256
2052257
2052258
2052259
2052260
2052261
2052262
2052263
2052264
2052265
2052266
2052267
2052268
2052269
2052270
2052271
2052272
2052273
2052274
2052275
2052276
2052277
2052278
2052279
2052280
2052281
2052282
2052283
2052284
2052285
2052286
2052287
2052288
2052289
2052290
2052291
2052292
2052293
2052294
2052295
2052296
2052297
2052298
2052299
2052300
2052301
2052302
2052303
2052304
2052305
2052306
2052307
2052308
2052309
2052310
2052311
2052312
2052313
2052314
2052315
2052316
2052317
2052318
2052319
2052320
2052321
2052322
2052323
2052324
2052325
2052326
2052327
2052328
2052329
2052330
2052331
2052332
2052333
2052334
2052335
2052336
2052337
2052338
2052339
2052340
2052341
2052342
2052343
2052344
2052345
2052346
2052347
2052348
2052349
2052350
2052351
2052352
2052353
2052354
2052355
2052356
2052357
2052358
2052359
2052360
2052362
2052363
2052364
2052365
2052366
2052367
2052368
2052369
2052370
2052371
2052372
2052373
2052374
2052375
2052376
2052377
2052378
2052379
2052380
2052381
2052382
2052383
2052384
2052385
2052386
2052387
2052388
2052390
2052391
2052393
2052394
2052395
2052396
2052397
2052398
2052399
2052400
2052401
2052402
2052403
2052404
2052405
2052406
2052407
2052408
2052409
2052410
2052411
2052412
2052413
2052414
2052415
2052416
2052417
2052418
2052419
2052420
2052421
2052422
2052423
2052424
2052425
2052426
2052427
2052428
2052429
2052430
2052431
2052432
2052433
2052434
2052435
2052436
2052438
2052439
2052441
2052443
2052444
2052445
2052446
2052447
2052449
2052450
2052451
2052452
2052453
2052454
2052455
2052457
2052458
2052459
2052460
2052461
2052462
2052463
2052464
2052465
2052466
2052467
2052468
2052469
2052470
2052471
2052472
2052473
2052474
2052475
2052476
2052477
2052478
2052479
2052480
2052481
2052482
2052483
2052484
2052485
2052486
2052487
2052488
2052489
2052490
2052492
2052494
2052496
2052497
2052498
2052499
2052500
2052501
2052502
2052503
2052504
2052505
2052506
2052507
2052508
2052509
2052510
2052511
2052512
2052513
2052514
2052515
2052516
2052517
2052518
2052519
2052520
2052521
2052522
2052523
2052524
2052525
2052526
2052527
2052528
2052529
2052530
2052531
2052532
2052533
2052534
2052535
2052536
2052537
2052538
2052539
2052540
2052541
2052543
2052544
2052545
2052546
2052547
2052548
2052549
2052550
2052551
2052552
2052553
2052554
2052555
2052556
2052557
2052558
2052559
2052560
2052561
2052562
2052563
2052564
2052565
2052566
2052567
2052568
2052569
2052570
2052571
2052572
2052573
2052574
2052575
2052576
2052577
2052578
2052579
2052580
2052581
2052582
2052583
2052584
2052585
2052586
2052587
2052588
2052589
2052590
2052592
2052593
2052594
2052595
2052596
2052597
2052598
2052600
2052601
2052602
2052603
2052604
2052605
2052607
2052608
2052609
2052610
2052611
2052612
2052613
2052614
2052615
2052616
2052617
2052618
2052619
2052620
2052621
2052622
2902840
2902841
2903722
2903723
2903904
2903905
2907499
2907501
2907502
2907503
2908000
2908438
2908439
2908440
2908441
2908623
2908625
2908626
2918202
2918203
2918204
2918205
2918206
2918207
2918208
2918209
2918210
2918211
2918212
2918213
2918214
2918215
2918216
2918217
2918218
2918219
2918220
2918221
2918222
2918223
2918224
2918225
2918226
2918227
2918228
2918229
2918230
2918231
2918232
2918233
2918234
2918235
2918236
2918237
2918238
2918239
2918240
2918241
2918242
2918243
2918244
2918245
2918246
2918247
2918248
2918249
2918250
2918251
2918252
2918253
2918255
2918256
2918257
2918258
2918259
2918260
2918261
2918262
2918263
2918264
2918265
2918266
2918267
2918268
2918269
2918271
2918272
2918273
2918274
2918275
2918276
2918278
2918279
2918280
2918281
2918282
2918283
2918284
2918285
2918286
2918287
2918288
2918289
2918290
2918291
2918292
2918293
2918294
2918295
2918296
2918297
2918298
2918299
2918300
2918301
2918302
2918303
2918304
2918305
2918306
2918307
2918308
2918309
2918311
2918312
2918313
2918314
2918315
2918316
2918317
2918318
2918319
2918320
2918321
2918322
2918323
2918324
2918325
2918326
2918327
2918328
2918329
2918330
2918331
2918332
2918334
2918335
2918336
2918337
2918338
2918339
2918340
2918341
2918342
2918343
2918344
2918345
2918346
2918347
2918348
2918349
2918350
2918351
2918352
2918353
2918354
2918355
2918356
2918357
2918358
2918359
2918360
2918361
2918362
2918363
2918364
2918365
2918366
2918367
2918368
2918369
2918370
2918371
2918372
2918373
2918374
2918375
2918376
2918377
2918378
19001215
19025824
19105350
19113231
19113232
19115197
19115417
19117655
19123585
19123587
19123591
19123595
19123596
19123599
19123600
19123603
19123604
19123605
19123606
19123607
19123639
19123640
19123642
19123643
19123644
19123645
19123648
19123649
19123650
19123651
19124564
19133009
19133010
19133011
19133012
19133013
19133014
19133015
19133016
19133018
19133019
19133020
19133021
19133022
19133023
21022576
21022577
21022578
21022579
21022580
21022581
21022582
21022583
21022584
21022585
21022586
21022587
21022588
21022589
21022590
21029588
21029589
21029590
21029870
21029871
21029872
21029873
21029874
21029875
21032316
21032317
21032318
21032319
21032320
21032321
21032322
21032323
21032324
21032325
21032326
21032328
21032329
21032330
21032331
21032332
21032333
21032334
21032335
21039706
21039707
21042252
21042253
21042254
21042255
21042256
21042257
21042258
21042259
21042260
21042261
21042262
21042263
21042264
21042267
21042268
21049279
21049280
21049519
21049520
21049521
21049522
21049523
21049524
21049525
21052020
21052021
21052022
21052023
21052024
21052025
21052026
21052027
21052028
21052029
21052030
21052031
21052032
21052033
21052034
21052035
21052036
21052037
21059305
21059306
21061829
21061830
21061831
21061832
21061833
21061834
21061835
21061836
21061837
21061838
21061839
21061840
21061842
21061843
21061844
21061845
21061846
21068803
21068864
21069245
21069246
21071745
21071746
21071747
21071748
21071749
21071750
21071751
21071752
21071753
21071754
21071755
21078617
21078731
21078991
21078992
21078993
21078994
21078995
21081442
21081443
21081444
21081445
21081446
21081447
21081448
21081449
21081450
21081451
21081452
21081453
21081454
21081455
21081456
21081457
21081458
21081459
21081460
21081461
21081462
21088382
21088467
21088468
21088695
21088696
21091189
21091190
21091191
21091192
21091193
21091194
21091195
21091196
21091198
21091199
21091200
21098163
21098164
21098225
21098328
21101087
21101088
21101089
21101090
21101091
21101092
21101093
21101094
21101095
21101096
21101097
21101098
21101099
21101100
21101101
21101102
21101103
21108063
21108167
21108168
21108420
21108421
21108422
21108423
21110922
21110923
21110924
21110925
21110926
21110927
21110928
21110929
21110930
21110931
21110932
21110933
21110934
21110935
21110936
21110937
21110938
21110939
21110940
21110941
21110942
21110943
21110944
21110945
21110946
21110947
21110948
21110949
21110950
21110951
21110952
21110953
21110954
21110955
21110956
21117813
21117814
21117815
21117906
21117907
21117908
21118183
21118184
21118185
21118186
21120595
21120596
21120597
21120598
21120599
21120600
21120601
21120602
21120603
21120604
21120605
21120606
21120607
21120609
21120610
21120611
21120612
21120613
21120614
21120615
21120616
21120617
21127515
21127566
21127943
21127944
21127945
21127946
21127947
21130362
21130363
21130364
21130365
21130366
21130367
21130368
21130369
21130370
21130371
21130372
21130373
21130374
21130375
21130376
21130377
21130378
21130379
21130380
21130381
21130382
21130383
21130384
21130385
21130386
21130387
21130388
21130389
21130390
21130391
21137374
21137543
21137544
21137800
21137801
21140320
21140321
21140322
21140323
21140324
21140325
21140326
21140327
21140328
21140329
21140330
21140331
21140332
21140333
21140334
21140335
21140336
21140337
21140338
21140339
21140340
21140342
21147230
21147231
21147275
21147643
21147644
21147645
21147646
21147647
21147648
21147649
21150175
21150176
21150177
21150178
21150179
21150180
21150181
21150182
21150183
21150184
21150185
21150186
21150187
21150188
21150189
21150190
21150191
21157283
21157603
21157604
21157605
21160112
21160113
21160114
21160115
21160116
21160117
21160118
21160119
21160120
21160121
21160122
21160123
21160124
21166974
21167016
21167110
21167382
21167383
21167384
21167385
21167386
21167387
21169907
21169908
21169909
21169910
21169911
21169912
21169913
21169914
21169915
21169916
21169918
21169919
21169920
21169921
21169922
21169923
21176899
21176900
21177163
35131760
35154987
35162126
35407624
35407625
35407626
35408408
35408409
35408717
35409943
35410434
35410968
35411098
35411499
35411500
35412032
35412291
35412292
35412688
35416667
35416668
35416669
35416670
35416672
35416673
35416674
35416675
35416676
35416678
35416679
35416680
35416681
35416682
35416683
35416684
35416685
35416687
35416688
35416689
35416690
35416691
35416692
35416693
35416694
35416695
35416696
35416698
35416699
35416700
35416701
35416703
35416704
35416705
35416706
35416707
35416708
35416709
35416710
35416711
35416712
35416713
35416714
35416715
35416716
35416717
35416718
35416719
35416720
35416721
35416722
35416723
35416724
35416725
35416726
35416727
35416728
35416729
35416730
35416731
35416732
35416733
35416734
35416735
35416736
35416737
35416821
35416822
35416827
35416832
35416833
35416834
35416835
35416836
35416837
35416848
35416863
35416880
35416881
35416888
35416889
35416890
35416897
35416901
35416902
35416904
35416916
35416917
35416930
35416939
35416940
35416951
35416953
35416954
35416959
35416960
35416961
35416967
35416972
35418210
35418215
35418230
35418264
35418267
35418342
35418343
35418357
35418368
35418369
35418375
35418376
35418377
35418378
35418390
35418391
35418392
35418397
35418413
35418417
35418418
35418423
35418424
35418425
35418436
35418439
35418442
35418443
35418456
35418470
35418476
35418477
35418478
35418479
35418487
35418492
35418498
35418499
35418659
35418664
35418667
35418668
35418671
35418672
35418673
35418679
35418681
35418682
35418685
35418686
35418687
35418701
35418720
35418722
35418739
35418740
35418807
35418815
35418818
35418820
35418822
35418849
35418851
35418852
35418853
35418859
35418860
35418861
35418871
35418872
35418889
35418890
35418897
35418898
35418899
35418904
35418917
35418925
35418943
35419679
35419680
35419681
35419682
35419683
35419684
35419685
35419686
35419687
35419688
35419689
35419690
35419691
35419692
35419693
35419694
35419695
35419696
35419697
35419698
35421022
35421023
35421024
35421025
35421026
35421027
35421028
35421029
35421030
35421031
35421032
35421033
35421034
35421035
35421036
35421037
35421038
35421039
35421040
35421041
35421042
35421043
35421044
35421045
35421046
35421047
35421048
35421049
35421050
35421051
35421052
35421053
35421054
35421055
35421056
35421057
35421058
35421059
35421060
35421061
35421062
35421063
35421064
35421065
35421066
35421067
35421068
35421069
35421070
35421071
35421072
35421073
35421074
35742277
35744512
35744513
35746275
35748762
35748763
35748764
35752886
35753844
35754656
35757082
35757083
35757084
35765334
35765335
35769629
35769630
35773955
35773956
35794560
35794573
35794574
35794607
35794621
35794622
35794623
35794646
35794664
35794665
35794666
35794667
35794668
35794685
35794690
35794695
35794706
35794721
35794739
35794757
35794759
35794760
35794762
35794771
35794784
35794827
35794831
35794839
35794844
35794860
35794861
35884629
35884630
35884959
35884960
35885541
35886454
35886455
35886456
35886457
35886458
35886459
35886460
36036148
36036149
36036151
36036152
36036153
36036154
36036155
36036156
36036157
36036158
36036159
36036160
36036161
36036162
36036163
36036164
36053178
36053179
36053180
36055818
36055819
36056813
36056814
36056815
36056816
36056817
36056818
36056819
36056820
36062106
36062107
36062108
36062109
36062110
36062111
36062112
36062113
36062114
36062115
36062116
36062117
36062118
36062119
36062120
36062121
36062122
36062123
36062124
36062125
36074471
36074472
36074473
36074474
36256952
36256958
36257083
36257287
36257288
36257289
36257290
36258214
36258215
36258216
36258217
36258218
36258219
36258220
36258645
36258717
36259479
36259480
36259481
36259782
36259783
36259784
36260758
36260759
36260760
36260761
36260762
36260868
36260895
36260973
36261153
36261390
36261489
36261728
36261729
36261730
36261731
36262033
36262350
36263323
36263324
36263325
36263326
36263327
36263582
36263648
36264324
36264325
36264938
36264939
36264940
36264941
36265876
36265877
36265878
36265879
36265880
36266318
36266469
36266870
36266871
36267176
36267177
36267518
36267519
36267520
36268482
36268483
36268484
36268485
36268486
36268732
36268859
36268952
36269156
36269425
36269426
36269427
36269512
36269734
36270020
36270021
36270022
36270023
36270960
36270961
36270962
36270963
36270964
36270965
36270966
36270967
36270968
36271152
36271181
36271261
36271276
36271394
36271983
36271984
36272564
36272565
36272566
36272567
36272568
36273528
36273529
36273530
36273531
36273532
36273533
36273534
36273535
36273984
36274064
36274165
36274520
36274521
36274821
36275153
36275154
36276132
36276133
36276134
36276135
36276136
36276292
36276317
36276414
36276594
36276658
36277079
36277383
36280802
36280803
36280830
36280839
36280841
36280848
36280857
36280870
36280872
36280887
36280888
36280890
36281450
36281451
36281453
36281479
36281490
36281492
36281513
36281533
36281538
36281563
36282959
36282963
36282970
36282973
36282979
36282983
36403776
36404234
36404385
36404549
36404834
36404835
36405161
36405162
36405328
36405329
36405587
36405588
36406094
36406095
36406351
36406352
36406353
36406354
36406895
36406896
36407158
36407159
36407160
36407161
36407162
36407163
36407488
36407669
36407670
36407897
36407898
36407899
36407900
36407901
36408187
36408373
36408639
36408640
36408641
36408959
36409166
36409438
36409439
36413374
36413409
36413419
36413426
36413430
36413431
36413451
36504554
36505120
36505476
36505516
36505915
36506100
36506109
36506182
36507233
36507686
36778720
36778721
36778722
36778723
36778724
36778726
36778728
36778729
36778730
36778731
36778732
36778734
36778868
36778869
36778870
36778871
36778872
36778873
36778892
36778893
36778894
36778895
36778896
36778897
36779029
36779030
36779031
36779032
36779033
36779034
36786659
36786660
36786661
36786662
36786663
36786664
36786665
36786666
36786667
36786668
36786669
36786670
36786671
36786672
36786673
36786674
36786675
36786676
36786677
36786678
36786679
36786680
36786681
36786682
36786683
36786684
36786685
36786686
36786687
36786688
36786689
36786690
36786691
36786692
36786693
36786694
36786695
36786696
36786697
36786698
36786700
36810221
36810222
36810223
36812174
36812274
36812963
36813641
36814066
36879271
36879320
36880068
36880069
36880733
36881038
36881039
36881696
36881837
36881838
36881989
36881990
36882211
36882727
36882895
36882896
36883670
36883885
36883886
36883887
36884816
36884817
36884818
36885595
36886053
36886477
36886478
36886770
36886771
36887015
36887424
36887743
36887744
36887745
36888740
36888741
36888742
36888996
36889423
36889742
36889743
36889968
36889969
36890443
36890735
36890736
36890946
36891711
36891943
36892703
36893480
36893692
36893909
36893910
36894346
36894481
36894623
36894624
36897266
36919391
36919669
36922564
36924663
36925940
36926053
36926116
36926639
36926750
36926889
36928434
36928994
36929060
36929912
36930323
36930377
36930448
36930585
36932623
36932963
36933472
36934322
36935468
36935544
36935798
36936066
36936334
36937176
36937912
36937985
36939847
36941227
36941249
36942638
36942988
36944880
36944899
36945450
36946638
36948102
36948355
36948870
36949844
36950607
36950705
36951163
36951819
36951898
36952141
36952543
36955022
36956232
36956500
36959295
36959300
36959798
36961294
36962682
36962882
36963277
36964077
36965133
36965785
36966257
36967009
36967157
36967457
36968321
36968671
36969447
36969815
36969824
37592857
37592858
37592859
37592860
37592861
37592862
37592863
37592864
37592865
37592866
37592867
37592868
37592869
37592870
37592871
40009202
40105044
40105046
40105048
40131073
40131074
40131075
40131076
40131077
40131078
40155188
40155192
40158037
40161021
40161022
40161024
40161025
40161034
40161035
40163895
40169388
40169395
40169396
40220671
40220673
40220676
40712458
40712459
40712460
40712461
40712462
40713379
40713400
40713401
40713402
40713403
40713404
40713405
40713406
40713407
40713408
40713409
40713797
40713798
40713799
40713800
40713801
40713802
40713803
40713804
40713805
40713806
40713825
40713826
40713827
40713828
40713829
40713830
40713831
40713832
40713833
40713905
40713906
40713907
40740940
40740941
40740942
40740943
40740944
40740945
40740946
40740947
40740948
40740949
40740950
40740951
40740952
40740953
40740954
40740955
40740956
40740957
40740958
40740959
40740960
40740961
40740962
40740963
40740964
40740965
40740966
40740967
40740968
40740969
40740970
40740971
40740972
40740973
40740974
40740975
40740976
40740977
40740978
40740979
40740980
40740981
40740982
40824998
40825190
40825730
40830087
40830088
40830089
40830090
40830091
40830092
40830093
40833383
40833384
40833386
40833387
40833388
40833389
40838355
40838356
40838357
40850161
40850162
40850163
40850164
40850165
40850166
40850168
40850173
40850178
40850179
40850180
40850182
40850183
40861258
40861259
40861260
40861261
40861262
40861263
40861265
40861266
40861267
40864554
40864555
40869406
40881415
40881417
40881419
40881420
40881421
40881424
40881425
40881426
40881427
40881428
40881429
40888254
40888255
40892464
40892465
40892466
40892467
40892468
40892469
40892470
40895729
40900525
40912433
40912434
40912436
40912439
40912440
40912443
40912444
40912445
40912447
40912448
40912449
40912451
40912452
40912453
40912454
40912455
40912456
40919187
40923526
40923527
40923528
40923529
40923530
40923531
40926719
40926720
40926721
40931591
40931592
40943699
40943700
40943701
40943702
40943703
40943709
40943710
40943711
40954756
40954757
40954758
40954759
40954760
40954761
40954762
40957991
40957992
40974640
40974641
40974644
40974646
40974649
40974650
40974652
40974653
40974654
40981524
40985931
40985932
40985933
40985934
40989267
40994156
41006037
41006038
41006039
41006040
41006041
41006042
41006043
41006044
41006045
41016978
41016979
41016980
41020219
41020220
41025190
41025191
41025192
41025194
41025195
41025196
41037069
41037070
41037071
41037072
41037073
41037074
41037075
41037076
41037077
41037079
41037080
41037081
41037083
41037084
41037085
41048306
41048308
41048309
41048310
41048311
41048312
41048313
41051429
41051430
41056402
41056403
41056404
41056405
41056406
41056407
41068316
41068317
41068318
41068320
41068321
41068322
41068323
41068324
41068326
41068327
41068328
41068329
41068330
41068331
41068332
41079671
41079672
41079673
41079674
41079675
41083001
41087918
41087919
41087921
41087922
41087923
41099777
41099780
41099782
41099783
41099784
41111049
41111050
41111051
41111052
41111053
41111054
41114242
41114243
41114246
41119169
41119171
41119172
41131137
41131138
41131139
41131141
41131142
41131143
41131148
41131149
41131150
41131151
41131152
41131153
41131154
41131156
41142511
41142512
41142513
41145794
41145795
41145796
41150695
41150696
41162501
41162502
41162503
41162505
41162509
41162511
41162512
41162513
41173541
41173542
41173543
41173544
41176740
41176741
41176742
41176743
41181742
41193742
41193743
41193744
41193745
41193746
41193747
41193750
41193751
41193752
41193753
41200701
41205091
41205092
41205093
41205095
41205096
41205097
41208271
41208272
41213110
41213111
41213112
41213113
41213114
41224792
41224795
41224796
41224797
41224799
41224800
41224802
41224803
41224804
41224805
41224806
41224807
41224808
41224809
41224810
41231752
41236037
41236038
41236039
41236041
41239211
41244093
41244094
41255748
41255749
41255750
41255752
41255753
41255756
41255757
41255759
41255761
41255762
41255764
41255765
41255768
41255770
41255771
41262492
41266923
41266924
41266925
41266926
41266927
41270113
41270115
41274998
41275000
41275001
41286803
41286804
41286806
41286807
41286808
41286809
41286810
41286811
41286814
41286815
41286816
41286817
41286818
41286819
41286820
41286821
41286822
41297917
41297919
41297920
41301147
41301148
41306083
41306085
41306086
41306087
41306088
41318112
41318114
41318115
41318116
41318117
41318119
41318120
41318121
41318122
41318125
41318126
41318128
41318132
41318133
41318134
41318135
41318136
41325009
41376793
41376794
41376963
41377338
41377529
41377883
41377884
41378418
41378615
41379196
41379756
41380332
41380758
41381160
41381369
41381731
41382310
41393651
41395687
41399386
41401421
41403093
41403097
41403106
41403107
41403122
41403151
41403166
41403176
41403197
41403206
41403211
41413805
41414552
41414553
41414554
41414983
41415381
41415383
41415384
41415385
41415386
41415387
41415556
41415557
41415840
41416229
41416230
41416675
41416676
41417058
41417061
41417257
41417258
41417259
41417956
41417957
41418149
41418150
41418151
41418152
41418153
41418437
41418855
41418856
41418858
41418859
41418860
41419043
41419712
41419713
41419714
41419888
41420149
41420564
41420565
41420567
41420749
41421435
41421436
41422461
41422744
41422745
41422746
41422747
41423164
41423165
41423335
41423336
41423606
41423971
41423972
41423973
41423974
41424833
41424834
41425715
41425716
41426491
41426492
41426494
41426670
41426671
41426919
41426920
41427325
41427326
41427327
41427328
41427497
41428760
41428766
41428770
41428771
41428772
41428773
41428779
41428780
41428796
41428801
41428802
41428815
41428816
41428818
41428824
41428833
41428834
41428844
41428845
41428863
41428867
41428870
41428872
41428876
41428877
41428880
41428881
41428884
41428893
41428900
41441080
41441445
41443811
41444181
41475288
41475302
41475312
41475320
41475329
41475367
41475368
41475381
41475390
41475392
41475401
41475441
41475459
41475464
41475468
41475489
41475495
41475496
41475512
41475519
41475531
41475541
42480682
42614489
42614490
42614491
42614492
42614493
42614494
42614495
42614496
42614497
42620203
42620378
42620880
42620955
42620956
42621044
42656556
42656557
42656558
42656559
42656560
42656561
42656562
42656563
42656564
42656565
42656566
42656567
42656568
42656569
42656570
42656571
42658553
42658554
42658610
42658611
42658612
42683419
42683420
42683421
42683422
42683423
42683736
42683737
42710183
42710372
42710373
42710374
42710375
42710376
42710377
42710378
42710379
42710997
42711702
42711703
42711704
42711705
42711706
42712363
42712364
42712365
42712585
42712586
42712988
42712989
42712990
42712991
42712992
42712993
42712994
42712995
42713619
42713620
42713621
42713622
42713882
42713883
42713884
42714302
42714303
42714304
42714305
42714306
42714307
42714308
42714309
42714924
42714925
42714926
42715178
42715179
42715180
42715628
42715629
42715630
42715631
42715632
42715633
42715634
42715635
42715636
42716331
42716332
42716582
42717017
42717018
42717019
42717020
42717021
42717022
42717023
42717024
42717025
42717026
42717027
42717678
42717679
42717939
42717940
42718381
42718382
42718383
42718384
42718385
42718386
42718387
42718388
42718389
42718390
42718391
42718392
42719007
42719008
42719259
42719675
42719676
42719677
42719678
42719679
42719680
42720348
42720349
42720350
42720351
42720604
42720605
42720606
42721074
42721075
42721076
42721077
42721078
42721079
42721688
42721689
42721690
42721691
42721963
42721964
42721965
42722373
42722374
42722375
42722376
42723009
42723271
42723272
42723273
42723701
42723702
42723703
42723704
42723705
42724339
42724340
42724579
42725009
42725010
42725011
42725012
42725013
42725014
42725015
42725016
42725017
42725018
42725019
42725020
42725021
42725022
42725676
42726378
42726379
42726380
42726381
42726382
42727022
42727023
42727024
42727025
42727026
42727695
42727696
42727697
42727698
42727699
42727700
42728317
42728318
42728319
42728320
42728321
42728322
42728601
42729035
42729036
42729037
42729038
42729662
42729663
42729664
42729904
42729905
42729906
42730331
42730332
42730333
42730334
42730335
42730336
42730956
42730957
42730958
42918476
42918477
42918478
42918479
42918480
42918481
42918482
42918483
42918484
42918485
42918486
42918487
42918488
42918489
42918490
42918491
42918492
42918493
42918494
42918495
42918496
42918497
42918498
42918499
42918500
42918501
42918502
42918503
42918505
42918506
42918508
42918884
42918885
42918886
42918887
42918888
42918889
42919802
42919803
42919804
42919805
42919806
42919807
42919808
42919809
42919810
42919811
42919812
42919813
42919814
42919815
42919816
42919817
42919819
42919820
42919821
42919822
42919823
42919824
42919825
42919826
42919827
42919828
42919829
42919830
42919831
42919832
42919833
42919834
42919835
42919836
42919837
42919838
42919839
42919840
42919841
42919842
42919843
42919844
42919845
42919846
42919847
42919848
42919849
42919850
42919851
42919852
42919853
42919854
42919855
42919856
42919857
42919858
42919859
42919860
42919861
42919862
42919863
42919864
42919865
42919866
42919867
42919868
42919869
42919870
42919871
42919872
42919873
42919874
42919875
42919876
42919877
42919878
42919879
42919880
42919881
42919882
42919883
42919884
42919885
42919886
42919888
42919889
42919890
42919891
42919892
42919893
42919894
42919895
42919896
42919897
42919898
42919899
42919900
42919902
42919903
42919904
42919905
42919906
42919907
42919908
42919909
42919910
42919911
42919912
42919913
42919914
42919915
42919916
42919917
42919918
42919919
42919920
42919921
42919922
42919923
42919924
42919925
42919926
42919927
42919928
42919929
42919930
42919931
42919932
42919933
42919934
42919935
42919936
42919937
42919938
42919939
42919940
42919941
42920095
42920096
42920097
42920098
42951305
42951306
42951307
42951308
42951309
42951310
42951311
42951312
42951313
42951314
42951315
42951316
42951317
42951318
42951319
42951320
42951321
42951322
42951323
42951324
42951325
42951326
42951327
42951328
42951329
42951330
42951331
42951332
42951333
42951334
42951335
42951336
42951337
42951338
42951339
42951340
42951341
42951342
42951343
42951344
42951345
42951346
42951347
42951348
42951349
42951350
42951351
42951352
42951353
42951354
42951355
42951356
42951357
42951358
42951359
42951360
42951361
42951362
42951363
42951364
42951365
42951366
42951367
42951368
42951369
42951370
42951371
42951372
42951373
42951374
42951375
42951376
42951377
42951378
42951379
42951380
42951381
42951382
42951383
42951384
42951385
42951386
42951387
42951388
42951389
42951390
42951391
42951392
42951393
42951394
42951395
42951396
42951397
42951398
42951399
42951400
42951401
42951402
42951403
42951405
42951406
42951407
42951408
42951409
42951410
42951411
42951412
42951413
42951414
42951415
42951416
42951417
42951418
42951419
42951420
42951421
42951422
42951423
42951424
42951425
42951426
42951427
42951428
42951429
42951430
42951431
42951432
42951433
42951434
42951435
42951436
42951437
42951438
42951439
42951440
42951441
42951442
42951443
42951444
42951445
42951446
42951447
42951448
42951449
42951450
42951451
42951452
42951453
42951454
42951455
42951457
42951458
42951459
42951460
42951461
42951462
42951463
42951464
42951465
42951466
42951467
42951468
42951469
42951470
42951471
42951472
42951473
42951474
42951475
42951476
42951477
42951478
42951479
42951480
42951481
42951482
42951483
42951484
42951485
42951486
42951487
42951488
42951489
42951490
42951491
42951492
42951493
42951494
42951495
42951497
42951498
42951499
42951500
42951501
42951502
42951503
42951504
42951505
42951506
42951507
42951508
42951509
42951510
42951511
42951512
42951513
42951514
42951515
42951516
42951517
42951518
42951519
42951520
42951521
42951522
42951523
42951524
42951525
42951526
42951527
42951528
42951529
42951530
42951531
42951532
42951533
42951534
42951535
42951536
42951537
42951538
42951539
42951540
42951541
42951542
42951543
42951545
42951546
42951547
42951548
42951549
42951550
42951551
42951552
42951553
42951554
42951555
42951556
42951557
42951558
42951559
42951560
42951561
42951562
42951563
42951564
42951565
42951566
42951567
42951568
42951569
42951570
42951571
42951572
42951573
42951574
42951575
42951576
42951577
42951578
42951579
42951580
42951581
42951582
42951583
42951584
42951585
42951586
42951587
42951588
42951590
42951591
42951592
42951593
42951594
42951595
42951596
42951597
42951598
42951599
42951600
42951601
42951602
42951603
42951604
42951605
42951606
42951607
42951608
42951609
42951610
42951611
42951612
42951613
42951614
42951615
42951616
42951617
42951618
42951619
42951620
42951621
42951622
42951623
42951624
42951625
42951626
42951627
42951628
42951629
42951630
42951631
42951632
42951633
42951634
42951635
42951636
42951637
42951638
42951639
42951640
42951641
42951642
42951643
42951644
42951645
42951646
42951647
42951648
42951649
42951650
42951651
42951652
42951653
42951654
42951655
42951656
42951657
42951658
42951659
42951660
42951661
42951662
42951663
42951664
42951665
42951666
42951667
42951668
42951669
42951670
42951671
42951672
42951673
42951674
42951675
42951676
42951677
42951678
42951679
42951680
42951681
42951682
42951683
42951684
42951685
42951686
42951687
42951688
42951689
42951690
42951691
42951692
42951693
42951694
42951695
42951696
42951697
42951698
42951699
42951700
42951701
42951702
42951703
42951704
42951705
42951706
42951707
42951708
42951709
42951710
42951711
42951712
42951713
42951714
42951715
42951716
42951717
42951718
42951719
42951720
42951721
42951722
42951723
42951724
42951725
42951726
42951727
42951728
42951729
42951730
42951731
42951732
42951733
42951734
42951735
42951737
42951738
42951739
42951740
42951741
42951742
42951743
42951744
42951745
42951746
42951747
42951748
42951749
42951750
42951751
42951752
42951753
42951754
42951755
42951756
42951757
42951758
42951759
42951760
42951761
42951762
42951763
42951764
42951765
42951766
42951767
42951768
42951769
42951770
42951771
42951772
42951773
42951774
42951775
42951776
42951777
42951778
42951779
42951780
42951781
42951782
42951783
42951784
42951785
42951786
42951787
42951788
42951789
42951790
42951791
42951792
42951793
42951794
42951795
42951796
42951797
42951798
42951799
42951800
42951801
42951802
42951803
42951804
42951805
42951806
42951807
42951808
42951809
42951810
42951811
42951812
42951813
42951814
42951815
42951816
42951817
42951818
42951819
42951820
42951821
42951822
42951823
42951824
42951825
42951826
42951827
42951828
42951829
42951830
42951831
42951832
42951833
42951834
42951835
42951836
42951839
42951840
42951842
42951843
42951844
42951845
42951846
42951847
42951848
42951849
42951850
42951851
42951852
42951853
42951854
42951855
42951856
42951857
42951858
42951859
42951860
42951861
42951862
42951863
42951864
42951865
42951866
42951867
42951868
42951869
42951870
42951871
42951872
42951873
42951874
42951875
42951876
42951877
42951878
42951879
42951880
42951881
42951882
42951883
42951884
42951885
42951886
42951887
42951888
42951889
42951890
42951891
42951892
42951893
42951894
42951895
42951896
42951897
42951898
42951899
42951900
42951901
42951902
42951903
42951904
42951905
42951906
42951907
42951908
42951909
42951910
42951911
42951912
42951913
42951914
42951915
42951916
42951917
42951918
42951919
42951920
42951921
42951922
42951923
42951924
42951925
42951926
42951927
42951928
42951929
42951930
42951931
42951932
42951933
42951934
42951935
42951936
42951937
42951938
42951939
42951940
42951941
42951942
42951943
42951944
42951945
42951946
42951947
42951948
42951949
42951950
42951951
42951952
42951953
42951954
42951955
42951956
42951957
42951958
42951959
42951960
42951961
42951962
42951963
42951964
42951965
42951966
42951967
42951968
42951969
42951970
42951971
42951972
42951973
42951974
42951975
42951976
42951977
42951978
42951979
42951980
42951981
42951982
42951983
42951984
42951985
42951986
42951987
42951988
42951989
42951990
42951991
42951992
42951993
42951994
42951995
42951996
42951997
42951998
42951999
42952000
42952001
42952002
42952003
42952004
42952005
42952006
42952007
42952008
42952009
42952010
42952011
42952012
42952013
42952014
42952015
42952016
42952017
42952018
42952019
42952020
42952021
42952022
42952023
42952024
42952025
42952026
42952027
42952028
42952029
42952030
42952031
42952032
42952033
42952034
42952035
42952036
42952038
42952039
42952040
42952041
42952042
42952043
42952044
42952045
42952046
42952047
42952048
42952049
42952050
42952051
42952052
42952053
42952054
42952055
42952056
42952057
42952058
42952059
42952060
42952061
42952062
42952063
42952064
42952065
42952066
42952067
42952068
42952069
42952070
42952071
42952072
42952073
42952074
42952075
42952076
42952077
42952078
42952079
42952080
42952081
42952082
42952083
42952084
42952085
42952086
42952087
42952088
42952089
42952090
42952092
42952093
42952094
42952095
42952096
42952097
42952098
42952099
42952100
42952101
42952102
42952103
42952104
42952105
42952106
42952107
42952108
42952109
42952110
42952111
42952112
42952113
42952114
42952115
42952116
42952117
42952118
42952119
42952120
42952121
42952122
42952123
42952124
42952125
42952126
42952127
42952128
42952129
42952130
42952131
42952132
42952133
42952134
42952135
42952136
42952137
42952138
42952139
42952140
42952141
42952142
42952143
42952144
42952145
42952146
42952147
42952148
42952149
42952150
42952151
42952152
42952153
42952154
42952155
42952156
42952157
42952158
42952159
42952160
42952161
42952162
42952163
42952164
42952165
42952166
42952167
42952168
42952169
42952170
42952171
42952172
42952173
42952174
42952175
42952176
42952177
42952178
42952179
42952180
42952181
42952182
42952183
42952184
42952185
42952186
42952187
42952188
42952189
42952190
42952191
42952192
42952193
42952194
42952195
42952196
42952197
42952198
42952199
42952200
42952201
42952202
42952203
42952204
42952205
42952206
42952207
42952208
42952209
42952210
42952211
42952212
42952213
42952214
42952215
43028689
43028690
43028691
43028692
43028693
43028694
43028695
43028696
43028698
43028699
43028700
43028702
43028703
43028704
43028705
43028706
43028707
43028708
43028709
43028710
43028711
43028712
43028713
43028714
43028715
43028716
43028717
43028718
43028719
43028720
43028721
43028722
43028723
43028724
43028725
43028726
43028727
43028728
43028729
43028730
43028731
43028732
43028733
43028734
43028735
43028736
43028737
43028738
43028739
43028740
43028742
43028743
43028744
43028745
43028746
43028747
43028748
43028749
43028750
43028751
43028752
43028753
43028754
43028755
43028756
43028757
43028758
43028759
43028760
43028761
43028762
43028763
43028764
43028765
43028766
43028767
43028768
43028769
43028770
43028771
43028772
43028773
43028774
43028775
43028776
43028777
43028778
43028779
43028780
43028781
43028782
43028783
43028784
43028785
43028786
43028787
43028788
43028790
43028791
43028792
43038502
43038503
43038504
43038505
43038506
43038507
43038508
43038509
43038510
43038511
43038512
43038513
43038515
43038516
43038517
43038518
43038519
43038520
43038521
43038522
43038523
43041943
43041944
43041945
43041946
43041947
43041948
43041949
43041950
43041951
43041952
43041953
43138595
43138597
43138598
43138599
43138600
43138602
43138603
43138604
43138605
43138606
43138607
43138608
43138609
43138610
43138611
43138613
43138614
43138616
43138617
43138618
43138619
43138620
43138621
43138622
43138623
43138624
43138625
43138626
43138627
43138628
43138629
43138630
43138631
43138632
43138633
43138634
43138635
43138636
43138637
43138638
43141479
43141480
43141481
43141482
43141621
43141622
43142301
43142302
43142303
43143466
43143585
43143586
43143630
43143631
43143632
43143633
43143634
43143771
43143772
43143773
43143774
43143775
43143786
43143787
43143790
43143791
43143792
43143793
43143794
43143795
43143796
43143797
43143798
43143799
43149521
43149522
43149523
43149524
43149525
43149526
43149527
43149528
43149529
43149530
43149531
43149532
43149533
43149534
43149535
43149536
43149537
43149538
43149539
43149540
43149541
43149542
43149543
43149544
43149545
43149546
43149547
43149548
43149549
43149550
43149551
43149552
43149553
43149556
43152573
43152574
43152575
43152576
43152729
43154772
43154773
43154774
43154908
43154926
43154927
43154928
43154929
43154930
43160744
43160745
43160746
43160747
43160748
43160750
43160751
43160752
43160753
43160754
43160755
43160757
43160758
43160759
43160760
43160761
43160762
43160763
43160764
43160765
43160766
43160767
43160768
43160769
43160770
43160771
43160772
43160773
43160774
43160775
43160776
43160777
43160778
43160779
43160780
43160781
43160782
43160783
43163697
43163698
43163699
43163700
43163701
43163825
43163826
43164445
43165771
43165772
43165773
43165774
43165775
43165776
43165777
43165916
43165917
43165918
43165919
43165943
43165944
43165945
43165946
43165947
43165948
43171655
43171656
43171657
43171658
43171659
43171660
43171662
43171663
43171664
43171665
43171666
43171667
43171668
43171669
43171671
43171672
43171673
43171674
43171675
43171676
43171677
43171678
43171679
43171680
43171681
43171682
43171683
43171684
43171685
43171686
43171687
43171688
43171689
43171690
43171692
43174698
43174699
43174700
43175492
43175493
43175494
43176603
43176734
43176735
43176787
43176788
43176789
43176790
43176920
43176921
43176922
43176935
43176936
43176937
43176938
43176939
43176940
43176941
43176942
43176943
43182647
43182648
43182649
43182650
43182651
43182652
43182653
43182654
43182655
43182656
43182657
43182658
43182659
43182660
43182661
43182662
43182663
43182665
43182666
43182667
43182668
43182669
43182670
43182671
43182672
43182673
43182674
43182676
43182678
43182679
43182680
43182681
43182682
43185692
43187556
43187734
43187735
43187736
43187737
43187872
43187873
43187895
43187896
43187897
43187899
43187900
43187901
43187902
43187903
43193602
43193603
43193604
43193605
43193607
43193608
43193609
43193612
43193613
43193614
43193615
43193616
43193617
43193618
43193619
43193620
43193621
43193622
43193623
43193624
43193626
43193627
43193628
43193629
43193630
43193631
43193632
43193633
43193634
43193635
43193636
43193637
43193638
43193639
43193640
43193641
43193642
43193644
43193645
43193646
43193647
43193648
43196523
43196524
43196525
43196526
43196527
43196656
43197367
43198589
43198749
43198750
43198751
43198752
43198911
43198933
43198934
43198935
43198936
43198937
43198938
43198939
43204605
43204606
43204607
43204608
43204610
43204611
43204612
43204613
43204614
43204615
43204616
43204617
43204618
43204619
43204620
43204621
43204622
43204623
43204625
43204626
43204627
43204628
43204629
43204630
43204631
43204632
43204633
43204634
43204635
43204636
43204637
43204638
43204639
43204640
43204643
43204644
43204645
43204646
43204649
43207430
43207431
43207432
43207433
43207434
43207435
43207436
43207437
43207584
43207585
43207586
43207587
43208262
43208263
43208264
43208265
43209584
43209585
43209586
43209587
43209588
43209706
43209707
43209708
43209709
43209725
43209726
43209727
43209728
43209729
43209730
43209731
43215498
43215500
43215501
43215502
43215504
43215505
43215506
43215507
43215508
43215509
43215510
43215511
43215512
43215513
43215514
43215515
43215517
43215518
43215519
43215520
43215521
43215522
43215523
43215524
43215525
43215526
43215527
43215528
43215529
43215531
43215532
43215533
43215534
43215535
43218437
43218438
43218439
43218440
43218592
43218593
43219265
43219266
43220396
43220526
43220581
43220743
43220744
43220745
43220756
43220757
43220758
43220759
43220760
43220761
43220762
43254837
43254838
43254839
43254841
43254842
43254843
43254844
43259309
43259323
43259606
43260189
43260190
43260193
43260194
43260195
43260196
43260197
43260198
43260199
43260200
43260201
43260203
43260204
43260205
43260206
43260207
43260208
43260209
43264725
43264927
43265032
43265604
43265607
43265610
43265611
43265612
43265614
43265615
43265618
43265619
43265620
43270211
43270233
43271107
43271108
43271109
43271110
43271111
43271112
43271113
43271114
43271115
43271116
43271117
43271118
43271119
43271120
43271121
43271122
43271123
43271124
43271125
43271126
43275789
43275790
43276622
43276623
43276624
43276625
43276626
43276627
43276628
43276629
43276630
43276631
43276632
43276633
43276634
43276635
43276636
43276637
43276638
43276639
43276640
43276641
43276642
43276643
43276644
43276645
43276646
43276647
43276648
43281105
43281106
43281124
43281303
43281968
43281969
43281970
43281971
43281972
43281973
43281974
43281975
43281976
43281977
43281978
43281979
43281980
43281981
43281982
43286566
43286567
43286568
43286868
43287438
43287441
43287442
43287443
43287444
43287445
43287446
43287447
43287448
43287449
43287450
43287452
43287453
43287454
43291944
43291967
43292815
43292816
43292818
43292819
43292820
43292821
43292822
43292823
43292824
43292825
43292826
43292827
43292829
43292830
43292831
43292832
43292833
43292834
43292835
43297359
43297360
43297637
43514687
43514924
43515055
43515056
43515103
43515345
43515346
43515412
43515499
43515500
43515748
43515925
43515926
43516133
43516134
43516135
43516207
43516534
43516535
43516721
43517034
43517139
43517363
43517364
43517778
43518982
43518983
43518988
43518989
43518993
43519002
43519004
43519010
43519011
43519039
43519054
43519058
43519073
43519074
43519076
43519077
43519078
43519472
43519493
43519631
43519632
43519664
43519669
43585786
43585787
43585788
43585790
43585791
43585793
43586083
43586084
43586085
43590174
43591442
43591443
43591444
43597366
43598301
43598408
43603862
43603865
43603866
43603867
43603868
43603870
43603871
43603873
43603874
43604218
43604219
43604220
43609357
43609358
43612236
43615443
43621811
43621812
43621813
43621815
43621816
43621817
43626156
43627377
43627378
43627379
43634688
43634689
43639971
43639972
43639973
43640296
43644369
43645523
43645524
43651694
43651695
43652708
43658088
43658091
43658092
43658093
43658094
43658095
43658096
43658412
43658413
43663696
43670665
43676204
43676206
43676207
43676208
43676209
43676486
43680384
43687590
43688398
43688617
43688625
43693944
43693946
43693947
43693948
43693949
43693950
43693951
43693952
43694287
43699540
43699541
43699542
43699761
43705413
43711832
43711833
43711835
43711837
43711838
43716086
43717274
43717275
43723376
43723377
43729815
43729816
43729817
43729818
43729819
43729821
43729822
43730131
43735490
43741401
43742474
43742584
43747744
43747745
43747746
43747747
43753307
43753308
43765708
43765710
43765711
43765712
43765713
43765714
43765715
43765717
43765720
43765721
43765722
43765723
43766038
43770107
43771331
43771332
43771333
43771334
43771544
43774225
43778540
43783880
43783882
43783883
43783884
43783887
43783888
43784199
43787980
43789188
43789189
43789190
43796281
43801727
43801728
43801729
43801730
43801731
43802049
43807269
43807270
43807271
43807272
43810159
43819863
43819865
43819866
43819867
43819868
43819869
43819870
43824156
43825460
43825461
43825462
43825672
43828251
43837952
43837954
43837955
43837956
43837957
43837958
43837959
43837960
43837961
43837962
43837963
43837964
43837965
43838265
43842230
43842231
43843476
43843477
43843478
43850353
43855958
43855959
43855962
43855963
43855964
43856277
43861667
43861668
43867725
43868660
43868823
44026077
44029409
44035470
44038863
44038864
44038865
44038866
44042411
44042412
44042413
44044894
44044895
44044896
44048586
44051973
44051974
44055461
44055462
44055463
44055464
44055465
44057844
44061582
44061583
44064953
44064954
44064955
44068445
44072256
44074340
44074341
44074342
44074343
44081139
44081140
44083609
44083610
44085126
44087193
44087194
44094136
44094137
44094138
44096534
44096535
44100227
44103599
44107008
44107009
44107010
44109403
44113054
44113055
44113056
44120052
44120053
44120054
44122527
44122529
44124125
44124126
44126203
44126204
44126205
44126206
44126207
44126208
44126209
44126210
44129589
44130078
44130139
44130248
44130249
44130250
44130307
44130464
44130521
44130587
44130588
44130803
44130804
44130805
44130806
44130905
44130971
44131047
44131048
44131139
44131264
44131469
44131533
44131534
44131535
44131593
44131594
44131740
44131741
44158982
44159071
44159123
44159149
44160419
44160420
44160421
44160422
44160423
44160424
44160425
44160426
44160923
44161403
44162761
44162762
44162763
44162764
44162765
44162766
44162767
44162768
44162769
44162770
44162771
44162772
44162773
44162774
44162775
44162776
44164223
44164224
44164225
44164226
44164227
44164228
44164229
44164230
44164231
44164232
44164233
44164234
44164235
44164236
44164466
44164467
44165191
44165192
44165193
44165194
44165195
44166590
44166591
44166592
44166593
44166594
44166595
44166596
44166597
44166598
44166599
44167998
44167999
44168000
44168001
44168002
44168003
44168004
44168005
44168006
44168007
44168008
44168009
44168010
44168011
44168012
44168013
44168014
44168015
44168016
44168538
44168539
44169033
44169034
44169035
44169036
44170315
44170316
44170317
44170318
44170319
44170320
44170321
44170322
44170323
44170324
44170325
44170326
44170327
44171742
44171743
44171744
44171745
44171746
44171747
44171748
44171749
44171750
44171751
44171752
44171753
44171754
44171755
44171756
44171757
44171758
44171759
44172080
44172292
44172293
44172294
44172776
44174069
44174070
44174071
44174072
44174073
44174074
44174075
44174076
44174077
44174078
44174079
44174080
44174081
44174082
44175480
44175481
44175482
44175483
44175484
44175485
44175486
44175487
44175488
44175489
44175490
44175491
44175492
44175493
44175494
44175495
44175496
44175497
44175498
44175499
44175500
44176483
44177815
44177816
44177817
44177818
44177819
44177820
44177821
44177822
44177823
44177824
44177825
44177826
44177827
44177828
44179246
44179247
44179248
44179249
44179250
44179251
44179252
44179253
44179254
44179255
44179514
44180227
44180228
44180229
44180230
44180231
44180232
44180233
44181535
44181536
44181537
44181538
44181539
44181540
44181541
44181542
44181543
44181544
44181545
44182972
44182973
44182974
44182975
44182976
44182977
44182978
44182979
44182980
44182981
44182982
44183962
44183963
44183964
44183965
44185255
44185256
44185257
44185258
44185259
44185260
44185261
44185262
44185263
44185264
44185265
44185266
44186704
44186705
44186706
44186707
44186708
44186709
44186710
44186711
44186712
44186713
44186714
44186715
44186716
44186717
44186718
44186719
44186720
44186721
44187713
44187714
44187715
44187716
44187717
44187718
44187719
44189136
44189137
44189138
44189139
44189140
44189141
44189142
44189143
44189144
44189145
44189146
44189147
44189148
44189149
44189150
44197641
44197732
44197733
44197734
44197806
44197807
44197931
44197996
44197997
44198045
44198046
44198166
44198167
44198222
44198266
44198267
44198268
44198396
44198540
