782599
782600
782601
782602
782603
782604
782606
782607
782608
782609
782610
782611
782612
782613
782614
782615
782616
782617
782618
782619
782620
782621
782622
782623
782624
1235623
1235624
1236357
1236363
1746143
2050385
2050386
2050387
2050388
2050389
2050390
2050391
2050392
2050393
2050394
2050395
2050396
2050397
2050398
2050399
2050400
2050401
2050402
2050403
2050404
2050405
2050406
2050407
2050409
2050410
2050411
2050412
2050413
2050414
2050415
2050416
2050417
2050418
2050419
2050420
2050421
2050422
2050423
2050425
2050426
2050427
2050428
2050429
2050430
2050431
2050432
2050433
2050434
2050435
2050436
2050437
2050438
2050439
2050440
2050441
2050442
2050443
2050444
2050445
2050446
2050447
2050448
2050449
2050450
2050451
2050452
2050453
2050454
2917878
2917879
2917880
2917881
2917882
2917883
2917884
2917885
2917886
2917887
2917888
2917889
2917890
2917891
2917892
2917893
2917894
2917895
21022827
21022828
21022829
21022830
21029492
21039359
21042502
21042503
21042504
21042507
21052267
21052268
21052269
21062105
21081696
21081697
21081698
21091456
21111194
21120858
21130635
21140588
21140589
21140590
21140591
21150434
21150435
21150437
21150438
21150439
21157286
21160370
21160372
21170172
21170173
21170174
35409549
35411625
35412413
35412614
35744388
35744389
35746259
35746260
35748609
35748610
35748611
35748612
35748613
35748614
35748615
35748616
35748617
35750404
35752752
35752753
35752754
35752755
35752756
35752757
35752758
35752759
35752760
35752761
35752762
35752763
35752764
35754088
35754089
35754641
35756962
35756963
35756964
35756965
35756966
35756967
35756968
35756969
35756970
35761119
35761120
35761121
35761122
35761123
35761124
35761125
35762428
35762968
35765230
35765231
35765232
35765233
35765234
35765235
35766531
35767048
35769468
35769469
35769470
35769471
35769472
35769473
35769474
35770552
35770841
35773832
35773833
35773834
35773835
35773836
35773837
35773838
35775543
35775544
35884624
35884625
36061875
36061876
36061877
36061878
36061879
36061880
36257515
36257516
36258669
36258672
36260048
36261074
36262609
36262610
36262611
36262612
36262613
36264036
36264160
36264457
36265200
36266338
36266724
36267761
36269271
36269567
36271185
36271303
36271787
36273739
36274664
36274665
36275405
36275406
36789914
36789915
36789916
36789917
36789918
36789919
36789920
36789921
36789922
36789923
36789924
36789925
36789926
36789927
36789928
36810496
36810598
36810959
36811025
36811080
36811449
36811889
36811915
36812276
36812737
36812825
36813342
36813476
36814129
36814211
36814442
36814497
36814739
36882730
36882928
36883919
36884846
36886804
36887774
36887775
36889774
36889775
36891736
36891737
36894650
36894651
36894652
36895981
36895986
36895995
36896003
36921064
36923863
36924995
36936472
36936796
36938425
36946242
36948570
36949148
36951020
36951206
36952467
36958462
36959773
36963901
36965103
40077118
40077120
40168821
40168823
40753451
40753452
40753453
40753454
40753455
40753456
40753457
40753458
40753459
40753460
40753461
40753462
40753463
40753464
40753465
40753466
40753467
40821381
40822346
40828142
40834602
40841584
40841585
40852625
40859400
40865733
40872772
40883871
40890722
40896925
40896926
40903778
40903779
40914792
40921707
40925021
40927917
40934995
40934996
40966181
40966182
40984031
40984032
40987508
40987509
40987510
40997515
41008473
41008474
41015211
41021438
41028540
41028541
41028542
41028543
41028544
41039585
41039586
41046410
41049775
41052658
41059707
41059708
41077822
41077823
41091323
41091324
41112469
41112470
41115484
41115485
41122453
41147025
41175000
41175001
41177988
41185003
41185004
41185005
41185006
41196288
41206599
41206600
41209478
41209479
41216335
41216336
41216337
41227384
41234208
41237458
41240451
41240452
41247376
41247377
41247379
41271299
41271300
41271301
41278200
41278201
41289275
41289276
41289277
41302421
41302422
41309431
41309432
41309433
41309434
41386390
41388940
41389044
41389344
41390592
41391290
41394176
41394177
41395389
41397047
41398414
41400222
41400929
42478713
42478818
42479419
42479865
42479887
42480505
42480558
42482431
42655563
42655564
42655565
42655566
42655567
42711007
42711749
42711750
42712607
42713644
42714940
42715689
42719599
42719728
42720961
42721122
42721643
42728336
42728337
42973612
42973613
42973614
42973615
42973616
42973617
42973618
42973619
42973620
42973621
42973622
42973623
42973624
42973625
42973626
42973627
42973628
42973629
42973630
42973631
42973632
42973633
42973634
42973635
42973636
42973637
42973638
42973639
42973640
42973641
42973642
42973643
42973644
42973645
42973646
42973647
42973648
42973649
42973650
42973651
42973652
42973653
42973654
43023448
43023449
43023450
43023451
43023452
43023453
43023454
43023455
43023456
43023457
43023458
43023459
43023460
43023461
43023462
43023463
43023464
43023465
43023466
43023467
43023468
43023469
43023470
43023471
43023472
43023473
43041672
43041673
43041674
43041675
43041676
43041677
43042632
43042633
43042634
43042635
43135829
43135830
43135831
43135832
43135833
43135834
43135835
43135836
43135837
43142192
43142193
43142579
43146746
43146747
43146748
43146749
43146750
43146751
43146752
43146753
43146754
43146755
43146756
43146757
43146758
43146759
43153315
43153731
43153732
43157976
43157977
43157978
43157979
43157980
43157981
43157982
43157983
43157984
43157985
43157986
43157987
43157988
43164352
43164744
43168854
43168855
43168856
43168857
43175401
43175771
43179929
43179930
43179931
43179932
43179933
43179934
43179935
43179936
43179937
43179938
43186650
43186651
43190826
43190827
43190828
43190829
43190830
43190831
43190832
43190833
43197260
43197261
43197694
43197695
43197696
43201852
43201853
43201854
43201855
43201856
43201857
43201858
43201859
43201860
43212715
43212716
43212717
43212718
43212719
43212720
43212721
43212722
43219165
43219559
43219560
43258280
43258281
43258282
43263718
43269192
43269194
43269195
43269196
43274725
43280065
43285520
43285521
43290903
43296288
43598652
43598653
43604340
43616460
43616622
43616643
43616644
43622248
43634793
43634794
43640417
43652707
43652867
43670766
43670906
43670910
43676598
43688615
43688616
43688788
43688793
43688815
43694400
43706523
43706524
43706525
43706583
43706665
43706688
43712228
43712229
43724441
43724442
43724612
43724613
43730254
43731878
43742641
43742719
43742754
43749809
43760525
43766144
43766146
43767826
43778537
43778627
43784281
43784282
43785854
43796370
43796372
43796522
43796523
43796526
43796546
43802161
43814437
43814438
43814608
43820292
43820293
43820295
43832573
43832738
43832764
43838384
43850561
43850711
43850716
43856397
43856398
44032347
44034056
44036538
44036540
44036541
44036542
44049680
44049681
44049682
44049683
44055751
44062699
44062700
44071204
44075413
44075414
44075415
44075416
44079783
44082495
44084068
44084069
44084070
44088280
44088281
44088282
44088283
44101296
44101298
44101299
44109865
44109866
44109867
44111542
44114129
44114130
44114131
44114132
44127271
44127272
44127273
44161056
44176131
44195652
44195839
44196249
44196370
46275426
46275427
46275428
46275429
46275430
46275433
46275434
46275435
46275444
46275445
46275446
